    +0.000601    +0.061164    -0.000310    +0.739654    +0.00000    2.236301    1
    +0.061632    -0.241198    +0.000588    +0.705936    -0.00653    2.236282    175138
    -0.015360    +0.133898    -0.059776    +0.846277    +0.03119    2.235632    176240
    -0.019388    +0.091063    +0.015550    +0.493234    -0.03015    2.237072    175198
    +0.035621    -0.032269    -0.017915    +0.798100    +0.02899    2.235747    176233
    +0.009316    -0.031899    -0.006279    +0.656807    +0.02374    2.235806    176231
    +0.026787    +0.055758    +0.012183    +0.676088    +0.03113    2.235624    176317
    +0.037588    -0.215876    -0.053142    +0.814863    +0.02368    2.235844    175007
    -0.076646    +0.174055    +0.015079    +0.675304    +0.01666    2.235912    175195
    +0.007679    +0.103403    +0.014519    +0.712655    +0.02551    2.235774    175269
    -0.019814    +0.137804    +0.003405    +0.519982    +0.01147    2.236185    175327
    -0.035919    -0.019549    -0.006403    +0.791923    +0.02875    2.235628    175000
    +0.009666    +0.156137    -0.015073    +0.650358    -0.01459    2.236549    174999
    -0.048641    +0.034571    +0.005872    +0.660345    +0.01349    2.236061    174815
    +0.012954    +0.110054    -0.017898    +0.720752    -0.05939    2.237538    175324
    +0.020712    -0.090862    -0.014955    +0.743309    -0.02704    2.236674    174689
    +0.039833    -0.110390    -0.004560    +0.756755    -0.02765    2.236663    175393
    -0.016536    +0.100434    -0.046917    +0.700228    +0.01062    2.236084    174944
    -0.065918    +0.095917    +0.013863    +0.568142    +0.02661    2.235685    175127
    -0.000845    +0.137767    +0.048125    +0.581442    +0.02222    2.235791    176737
    -0.055159    -0.024986    +0.030924    +0.649265    +0.02875    2.235729    175181
    -0.013826    +0.059768    -0.014397    +0.698935    -0.00281    2.236375    175389
    +0.013945    +0.091420    -0.019429    +0.757047    +0.00098    2.236402    176645
    +0.075469    -0.263854    -0.000855    +0.638857    +0.02826    2.235558    175912
    -0.001753    -0.002926    -0.057328    +0.893027    +0.02057    2.235746    175910
    -0.039040    +0.147784    +0.075458    +0.344410    +0.02405    2.235692    175059
    +0.041351    -0.116010    +0.020830    +0.682130    +0.01605    2.235917    175694
    -0.034367    +0.152587    +0.055536    +0.506867    +0.01062    2.235955    174939
    +0.027759    -0.016841    +0.005688    +0.624100    -0.00623    2.236319    175121
    +0.003216    +0.162832    -0.024063    +0.820901    -0.00110    2.236010    175315
    +0.036833    -0.166797    +0.017761    +0.601101    +0.02356    2.235761    176291
    +0.008714    +0.009496    +0.052154    +0.481481    -0.00012    2.236134    174574
    -0.037167    +0.012500    -0.019394    +0.850099    -0.00702    2.236412    174755
    +0.052525    -0.218794    +0.030288    +0.535365    +0.01129    2.235914    174869
    +0.011031    +0.048684    -0.039201    +0.876375    +0.02612    2.235675    175903
    +0.035231    -0.206231    +0.032216    +0.556130    +0.01984    2.235807    176285
    -0.012073    +0.009383    -0.037094    +0.692493    -0.00903    2.236454    174344
    -0.013245    +0.095669    -0.034904    +0.809978    -0.00024    2.236308    175898
    +0.018759    +0.013102    +0.026091    +0.517888    +0.02625    2.235716    176544
    +0.030080    -0.064556    +0.048262    +0.473855    +0.00574    2.236053    174571
    +0.018507    +0.043783    +0.055425    +0.486414    +0.01373    2.235864    175374
    -0.048039    +0.099744    -0.020881    +0.672029    +0.02686    2.235685    175373
    -0.045691    +0.146995    +0.069027    +0.291924    +0.01331    2.235885    175245
    -0.015962    +0.080553    -0.013278    +0.875889    +0.02979    2.235759    176278
    +0.048212    -0.173302    -0.026392    +0.934543    +0.02606    2.235664    174930
    -0.011262    -0.037384    +0.065552    +0.435293    +0.01117    2.235990    175817
    +0.056258    -0.063784    -0.005323    +0.720682    +0.02728    2.235632    176275
    -0.054031    +0.269559    +0.057602    +0.627400    +0.03204    2.235508    175239
    -0.014965    +0.119146    +0.001551    +0.693200    -0.00598    2.236451    176359
    -0.040183    -0.056534    +0.025366    +0.654797    +0.03259    2.235835    174518
    -0.041060    +0.109474    +0.000453    +0.504999    +0.00977    2.236105    176185
    -0.023911    -0.068645    -0.000084    +0.724608    -0.02246    2.236580    175447
    +0.034061    -0.066771    +0.022730    +0.642835    +0.01819    2.235863    175169
    -0.006723    -0.133517    +0.082430    +0.423687    +0.03027    2.235535    175520
    -0.014504    +0.001580    -0.024107    +0.680518    +0.00964    2.235834    174984
    +0.033683    -0.152031    -0.009493    +0.664263    -0.00806    2.236278    175516
    +0.039944    -0.138721    +0.031848    +0.659824    +0.03223    2.235584    176022
    +0.024762    +0.109938    -0.018405    +0.877374    -0.00232    2.236378    175671
    -0.034869    +0.079131    -0.006249    +0.732917    +0.00696    2.236038    174124
    +0.038155    -0.221416    -0.024266    +0.824667    +0.00067    2.235802    175590
    +0.053794    -0.102908    -0.013638    +0.899887    +0.02924    2.235597    174277
    +0.010341    -0.008168    +0.050898    +0.583171    +0.00592    2.236033    176100
    -0.013358    -0.032706    +0.063264    +0.449454    +0.02631    2.235710    175359
    -0.004435    +0.153457    +0.007544    +0.688820    -0.05725    2.237397    174921
    -0.005800    -0.001832    -0.042713    +0.809937    +0.01422    2.235934    174792
    +0.047854    +0.015797    +0.009101    +0.651058    +0.03125    2.235597    175652
    +0.052366    -0.111654    -0.048441    +0.847679    +0.03302    2.235639    175294
